  -2  -2
   0  -2
18

  -2  -2
   0  -1
17

  -2  -2
   0   0
16

  -2  -2
   0   1
17

  -2  -2
   0   2
18

  -2  -1
   0  -2
17

  -2  -1
   0  -1
16

  -2  -1
   0   0
15

  -2  -1
   0   1
16

  -2  -1
   0   2
19

  -2   0
   0  -2
16

  -2   0
   0  -1
15

  -2   0
   0   0
14

  -2   0
   0   1
17

  -2   0
   0   2
20

  -2   1
   0  -2
15

  -2   1
   0  -1
14

  -2   1
   0   0
15

  -2   1
   0   1
18

  -2   1
   0   2
21

  -2   2
   0  -2
14

  -2   2
   0  -1
15

  -2   2
   0   0
16

  -2   2
   0   1
19

  -2   2
   0   2
22

  -2   2
  -2  -2
16

  -2   2
  -2  -1
17

  -2   2
  -2   0
18

  -2   2
  -2   1
19

  -2   2
  -2   2
20

  -2   2
  -1  -2
17

  -2   2
  -1  -1
18

  -2   2
  -1   0
19

  -2   2
  -1   1
20

  -2   2
  -1   2
23

  -2   2
   0  -2
14

  -2   2
   0  -1
15

  -2   2
   0   0
16

  -2   2
   0   1
19

  -2   2
   0   2
22

  -2   2
   1  -2
15

  -2   2
   1  -1
16

  -2   2
   1   0
19

  -2   2
   1   1
22

  -2   2
   1   2
25

  -2   2
   2  -2
12

  -2   2
   2  -1
15

  -2   2
   2   0
18

  -2   2
   2   1
21

  -2   2
   2   2
24

  -2   2
   2  -2
12

  -2   2
   2  -1
15

  -2   2
   2   0
18

  -2   2
   2   1
21

  -2   2
   2   2
24

  -1  -2
   2  -2
15

  -1  -2
   2  -1
16

  -1  -2
   2   0
17

  -1  -2
   2   1
18

  -1  -2
   2   2
19

  -1  -1
   2  -2
14

  -1  -1
   2  -1
15

  -1  -1
   2   0
16

  -1  -1
   2   1
17

  -1  -1
   2   2
20

  -1   0
   2  -2
13

  -1   0
   2  -1
14

  -1   0
   2   0
15

  -1   0
   2   1
18

  -1   0
   2   2
21

  -1   1
   2  -2
12

  -1   1
   2  -1
13

  -1   1
   2   0
16

  -1   1
   2   1
19

  -1   1
   2   2
22

  -1   2
   2  -2
13

  -1   2
   2  -1
16

  -1   2
   2   0
19

  -1   2
   2   1
22

  -1   2
   2   2
25

  -1   2
  -2  -2
15

  -1   2
  -2  -1
16

  -1   2
  -2   0
17

  -1   2
  -2   1
18

  -1   2
  -2   2
19

  -1   2
  -1  -2
16

  -1   2
  -1  -1
17

  -1   2
  -1   0
18

  -1   2
  -1   1
19

  -1   2
  -1   2
22

  -1   2
   0  -2
13

  -1   2
   0  -1
14

  -1   2
   0   0
15

  -1   2
   0   1
18

  -1   2
   0   2
21

  -1   2
   1  -2
14

  -1   2
   1  -1
15

  -1   2
   1   0
18

  -1   2
   1   1
21

  -1   2
   1   2
24

  -1   2
   2  -2
13

  -1   2
   2  -1
16

  -1   2
   2   0
19

  -1   2
   2   1
22

  -1   2
   2   2
25

  -1   2
   2  -2
13

  -1   2
   2  -1
16

  -1   2
   2   0
19

  -1   2
   2   1
22

  -1   2
   2   2
25

   0  -2
   2  -2
18

   0  -2
   2  -1
19

   0  -2
   2   0
20

   0  -2
   2   1
21

   0  -2
   2   2
22

   0  -1
   2  -2
17

   0  -1
   2  -1
18

   0  -1
   2   0
19

   0  -1
   2   1
20

   0  -1
   2   2
23

   0   0
   2  -2
16

   0   0
   2  -1
17

   0   0
   2   0
18

   0   0
   2   1
21

   0   0
   2   2
24

   0   1
   2  -2
17

   0   1
   2  -1
18

   0   1
   2   0
21

   0   1
   2   1
24

   0   1
   2   2
27

   0   2
   2  -2
18

   0   2
   2  -1
21

   0   2
   2   0
24

   0   2
   2   1
27

   0   2
   2   2
30

   0   2
  -2  -2
18

   0   2
  -2  -1
19

   0   2
  -2   0
20

   0   2
  -2   1
21

   0   2
  -2   2
22

   0   2
  -1  -2
19

   0   2
  -1  -1
20

   0   2
  -1   0
21

   0   2
  -1   1
22

   0   2
  -1   2
25

   0   2
   0  -2
16

   0   2
   0  -1
17

   0   2
   0   0
18

   0   2
   0   1
21

   0   2
   0   2
24

   0   2
   1  -2
19

   0   2
   1  -1
20

   0   2
   1   0
23

   0   2
   1   1
26

   0   2
   1   2
29

   0   2
   2  -2
18

   0   2
   2  -1
21

   0   2
   2   0
24

   0   2
   2   1
27

   0   2
   2   2
30

   0   2
   2  -2
18

   0   2
   2  -1
21

   0   2
   2   0
24

   0   2
   2   1
27

   0   2
   2   2
30

   1  -2
   2  -2
17

   1  -2
   2  -1
18

   1  -2
   2   0
19

   1  -2
   2   1
20

   1  -2
   2   2
21

   1  -1
   2  -2
16

   1  -1
   2  -1
17

   1  -1
   2   0
18

   1  -1
   2   1
19

   1  -1
   2   2
22

   1   0
   2  -2
17

   1   0
   2  -1
18

   1   0
   2   0
19

   1   0
   2   1
22

   1   0
   2   2
25

   1   1
   2  -2
18

   1   1
   2  -1
19

   1   1
   2   0
22

   1   1
   2   1
25

   1   1
   2   2
28

   1   2
   2  -2
19

   1   2
   2  -1
22

   1   2
   2   0
25

   1   2
   2   1
28

   1   2
   2   2
31

   1   2
  -2  -2
17

   1   2
  -2  -1
18

   1   2
  -2   0
19

   1   2
  -2   1
20

   1   2
  -2   2
21

   1   2
  -1  -2
18

   1   2
  -1  -1
19

   1   2
  -1   0
20

   1   2
  -1   1
21

   1   2
  -1   2
24

   1   2
   0  -2
17

   1   2
   0  -1
18

   1   2
   0   0
19

   1   2
   0   1
22

   1   2
   0   2
25

   1   2
   1  -2
20

   1   2
   1  -1
21

   1   2
   1   0
24

   1   2
   1   1
27

   1   2
   1   2
30

   1   2
   2  -2
19

   1   2
   2  -1
22

   1   2
   2   0
25

   1   2
   2   1
28

   1   2
   2   2
31

   1   2
   2  -2
19

   1   2
   2  -1
22

   1   2
   2   0
25

   1   2
   2   1
28

   1   2
   2   2
31

   2  -2
   2  -2
20

   2  -2
   2  -1
21

   2  -2
   2   0
22

   2  -2
   2   1
23

   2  -2
   2   2
24

   2  -1
   2  -2
21

   2  -1
   2  -1
22

   2  -1
   2   0
23

   2  -1
   2   1
24

   2  -1
   2   2
27

   2   0
   2  -2
22

   2   0
   2  -1
23

   2   0
   2   0
24

   2   0
   2   1
27

   2   0
   2   2
30

   2   1
   2  -2
23

   2   1
   2  -1
24

   2   1
   2   0
27

   2   1
   2   1
30

   2   1
   2   2
33

   2   2
   2  -2
24

   2   2
   2  -1
27

   2   2
   2   0
30

   2   2
   2   1
33

   2   2
   2   2
36

   2   2
  -2  -2
20

   2   2
  -2  -1
21

   2   2
  -2   0
22

   2   2
  -2   1
23

   2   2
  -2   2
24

   2   2
  -1  -2
23

   2   2
  -1  -1
24

   2   2
  -1   0
25

   2   2
  -1   1
26

   2   2
  -1   2
29

   2   2
   0  -2
22

   2   2
   0  -1
23

   2   2
   0   0
24

   2   2
   0   1
27

   2   2
   0   2
30

   2   2
   1  -2
25

   2   2
   1  -1
26

   2   2
   1   0
29

   2   2
   1   1
32

   2   2
   1   2
35

   2   2
   2  -2
24

   2   2
   2  -1
27

   2   2
   2   0
30

   2   2
   2   1
33

   2   2
   2   2
36

   2   2
   2  -2
24

   2   2
   2  -1
27

   2   2
   2   0
30

   2   2
   2   1
33

   2   2
   2   2
36

12
